110; 
117; 70; 
60; 57; 1303; 
116; 86; 123; 144; 
54; 123; 71; 69; 199; 
97; 100; 182; 178; 5655; 187; 
66; 59; 209; 77; 269; 113; 1336; 
79; 118; 84; 173; 276; 65; 411; 355; 
101; 126; 143; 96; 61; 99; 559; 96; 133; 
156; 99; 97; 94; 188; 96; 623; 131; 176; 224; 
58; 93; 57; 63; 187; 150; 508; 54; 93; 321; 4056; 
245; 180; 215; 186; 345; 200; 857; 203; 2394; 461; 2453; 206; 
107; 90; 169; 179; 275; 139; 57; 95; 979; 296; 3498; 139; 3033; 
92; 90; 174; 141; 56; 190; 407; 178; 130; 60; 1461; 90; 1662; 286; 
112; 98; 101; 57; 302; 104; 756; 56; 1066; 242; 3639; 170; 3097; 756; 6562; 
131; 105; 105; 106; 239; 105; 412; 199; 155; 236; 1429; 112; 1796; 325; 195; 342; 
61; 74; 113; 70; 158; 62; 395; 115; 65; 199; 1385; 57; 1608; 395; 150; 276; 5067; 
243; 239; 1175; 199; 292; 195; 617; 180; 243; 304; 2295; 228; 3515; 642; 401; 225; 8791; 275; 
95; 259; 142; 97; 62; 94; 544; 103; 141; 59; 2239; 123; 4081; 595; 150; 175; 8809; 175; 16567; 
189; 101; 99; 105; 191; 98; 56; 102; 143; 231; 2271; 135; 3438; 57; 386; 90; 13111; 182; 15122; 176; 
105; 207; 172; 112; 197; 194; 531; 107; 152; 251; 67; 198; 2982; 488; 256; 94; 7515; 137; 15453; 225; 736; 
113; 119; 106; 110; 196; 114; 494; 107; 142; 182; 1931; 109; 3044; 511; 259; 112; 7821; 262; 14134; 195; 685; 1905; 
66; 59; 59; 61; 178; 56; 454; 72; 97; 133; 1860; 59; 3169; 446; 209; 60; 8257; 100; 14337; 150; 682; 1857; 44150; 
138; 122; 120; 168; 92; 107; 300; 299; 111; 92; 455; 152; 974; 977; 99; 1729; 1695; 101; 3425; 91; 288; 3503; 3682; 318; 
187; 140; 173; 151; 292; 171; 846; 134; 870; 300; 2114; 160; 105; 754; 5910; 151; 6515; 899; 10902; 270; 13068; 2103; 26220; 207; 32193; 
110; 78; 60; 247; 160; 61; 248; 262; 58; 366; 354; 120; 949; 1007; 153; 1701; 1610; 62; 1855; 1822; 224; 3204; 3674; 231; 5406; 5291; 
93; 93; 141; 94; 247; 126; 57; 107; 919; 255; 2257; 129; 2875; 62; 5757; 90; 6617; 815; 11868; 233; 91; 2020; 27733; 169; 31875; 2957; 48106; 
193; 153; 181; 152; 309; 183; 779; 152; 1330; 309; 2157; 378; 2731; 807; 6213; 164; 6152; 865; 12995; 629; 13430; 6412; 25661; 468; 29149; 4233; 58662; 786; 
97; 102; 102; 92; 60; 94; 513; 94; 87; 61; 1645; 89; 2675; 339; 62; 151; 6361; 125; 15388; 81; 531; 1223; 25645; 97; 157; 1451; 182; 276; 72562; 
144; 109; 232; 105; 376; 201; 774; 112; 858; 266; 2178; 149; 3804; 725; 6278; 111; 7661; 836; 10835; 247; 14207; 1942; 25247; 154; 32279; 2792; 49349; 742; 55281; 5788; 
150; 71; 109; 62; 239; 119; 717; 72; 846; 216; 2043; 92; 3807; 693; 5751; 57; 6455; 771; 12549; 232; 13470; 2330; 25391; 113; 26964; 2748; 49586; 732; 55260; 5988; 105690; 
181; 118; 109; 111; 198; 106; 511; 142; 94; 189; 65; 106; 2801; 351; 182; 143; 6503; 117; 11073; 184; 475; 62; 28727; 119; 39677; 1495; 149; 278; 72853; 260; 123875; 340; 
110; 104; 106; 106; 206; 102; 516; 107; 109; 346; 2648; 224; 2939; 368; 185; 263; 64; 108; 11475; 196; 477; 1205; 29758; 114; 38754; 1482; 138; 278; 77396; 230; 130043; 336; 2033; 
160; 114; 110; 111; 96; 116; 106; 104; 113; 103; 1902; 110; 2720; 121; 140; 151; 6052; 297; 11146; 122; 88; 1302; 36471; 172; 284; 1534; 308; 101; 76023; 177; 126461; 319; 2062; 4434; 
68; 61; 63; 63; 159; 62; 479; 58; 55; 140; 1676; 67; 2699; 639; 199; 157; 6126; 58; 12648; 138; 436; 1224; 26108; 93; 42188; 1493; 108; 237; 74414; 186; 120771; 305; 1970; 4350; 223014; 
3101; 2108; 1946; 2082; 2006; 3169; 2462; 1949; 2101; 2152; 4002; 2092; 4906; 2457; 2073; 1896; 12902; 2504; 16923; 2194; 2669; 3997; 54463; 2237; 73219; 5119; 2799; 2468; 125066; 3516; 197840; 2140; 3763; 11947; 399496; 2079; 
229; 196; 196; 196; 266; 194; 1093; 321; 248; 306; 2278; 203; 3336; 596; 329; 197; 7708; 213; 102; 258; 917; 1982; 39884; 316; 58465; 3118; 871; 1456; 138740; 404; 197966; 227; 2140; 8190; 401922; 237; 580506; 
231; 172; 165; 154; 227; 144; 545; 151; 192; 217; 2145; 154; 55; 532; 294; 144; 8005; 168; 15618; 247; 1595; 2761; 41536; 197; 56617; 86; 894; 529; 140149; 339; 200071; 200; 2221; 7797; 411261; 213; 575075; 16039; 
203; 104; 95; 92; 62; 95; 491; 83; 149; 56; 2106; 92; 2935; 496; 99; 87; 7841; 121; 15040; 57; 680; 2137; 42010; 132; 250; 3232; 855; 477; 123694; 145; 199387; 114; 2078; 7606; 1372; 132; 574720; 26274; 2604; 
482; 509; 512; 718; 659; 516; 819; 487; 523; 777; 2695; 542; 3347; 909; 1288; 494; 8722; 527; 21807; 575; 1141; 4028; 44278; 547; 63912; 3602; 1205; 830; 155185; 657; 202794; 566; 2325; 10568; 512470; 1372; 585048; 14539; 2994; 579; 
102; 105; 106; 100; 192; 143; 74; 103; 160; 193; 1923; 99; 3282; 65; 261; 106; 7611; 134; 15235; 184; 62; 1902; 43166; 117; 71653; 3193; 839; 88; 125555; 422; 200986; 133; 2076; 7975; 156; 144; 583745; 14392; 2796; 189; 1107312; 
225; 226; 319; 331; 366; 557; 1347; 291; 237; 276; 2165; 201; 3278; 594; 341; 212; 7698; 244; 14235; 259; 843; 2142; 41139; 223; 61428; 3362; 876; 565; 123116; 408; 198098; 248; 2152; 7687; 404980; 563; 580253; 14254; 2885; 284; 1081606; 930; 
115; 130; 106; 101; 191; 102; 502; 101; 144; 190; 62; 103; 2989; 509; 244; 198; 7635; 134; 16361; 186; 691; 63; 39656; 131; 55421; 3215; 1878; 474; 123242; 305; 204311; 124; 111; 7896; 399750; 169; 585196; 16362; 2793; 192; 1096488; 708; 1566468; 
168; 171; 123; 111; 72; 97; 358; 148; 92; 54; 3091; 91; 1435; 658; 73; 336; 4492; 88; 5095; 107; 333; 421; 13838; 137; 152; 1293; 92; 1017; 24045; 72; 27638; 1866; 1348; 1623; 220; 94; 60996; 3135; 1477; 261; 99703; 301; 102737; 3286; 
137; 112; 109; 111; 203; 109; 515; 119; 143; 184; 3726; 125; 3224; 505; 269; 108; 8889; 143; 14171; 204; 714; 2725; 65; 109; 56739; 3228; 851; 482; 125348; 306; 198760; 149; 2114; 7633; 404178; 224; 574514; 14119; 5359; 199; 1079049; 1633; 1581876; 2302; 5966; 
249; 113; 105; 127; 207; 112; 512; 116; 157; 202; 2130; 109; 3666; 770; 376; 137; 7699; 1567; 14434; 425; 800; 1918; 40942; 156; 56703; 3227; 856; 524; 123521; 310; 213974; 144; 2246; 7570; 422268; 201; 592087; 16731; 2632; 186; 1100556; 1248; 1578868; 1960; 8222; 39967; 
151; 76; 66; 74; 236; 122; 500; 67; 115; 152; 3661; 123; 3236; 471; 219; 84; 7648; 120; 15073; 175; 1779; 3133; 62272; 86; 57128; 4243; 857; 975; 123044; 254; 200214; 98; 1957; 8188; 401754; 134; 588016; 14199; 2612; 133; 1109003; 702; 1552824; 1900; 6096; 40377; 3029473; 
367; 231; 321; 212; 282; 227; 106; 248; 247; 285; 2255; 196; 1547; 94; 288; 375; 4578; 208; 4790; 473; 133; 491; 10389; 242; 11804; 1158; 444; 105; 24024; 277; 28097; 1739; 1342; 1702; 282; 214; 64514; 1911; 2638; 2192; 101609; 170; 107238; 3656; 283; 3659; 212444; 419; 
126; 182; 107; 107; 102; 109; 366; 169; 116; 96; 1317; 115; 1626; 268; 82; 271; 4836; 114; 6423; 98; 347; 674; 10529; 155; 67; 997; 101; 1016; 23876; 98; 26942; 1785; 1628; 1874; 1108; 115; 59041; 2282; 1449; 114; 100040; 340; 116013; 5208; 151; 3661; 185837; 327; 199990; 
302; 190; 145; 119; 205; 105; 360; 161; 106; 197; 1226; 99; 1518; 2812; 210; 290; 73; 197; 5509; 386; 341; 390; 11844; 145; 12589; 977; 106; 987; 26052; 249; 25900; 1734; 1248; 62; 57744; 130; 58432; 1966; 1448; 2089; 103617; 305; 105307; 4068; 214; 3338; 191215; 515; 198174; 6452; 
192; 147; 184; 143; 309; 181; 730; 143; 919; 275; 2067; 247; 56; 824; 6378; 133; 6445; 916; 12071; 408; 13809; 2134; 26995; 170; 27540; 79; 49031; 805; 58352; 6158; 106615; 277; 111523; 6348; 163430; 923; 192201; 15338; 153; 309; 296986; 15056; 457027; 2120; 502778; 26094; 809925; 231; 834512; 27326; 1240695; 
188; 139; 119; 119; 225; 116; 371; 165; 110; 208; 1276; 186; 1646; 281; 242; 323; 4507; 108; 4701; 388; 326; 427; 10946; 154; 13409; 1029; 115; 1002; 24162; 216; 25858; 1801; 1358; 2821; 57295; 150; 60379; 1956; 1698; 1863; 100199; 316; 104816; 3549; 212; 3494; 183386; 339; 191290; 5343; 4936; 8717; 
77; 67; 60; 59; 157; 63; 322; 158; 63; 291; 1205; 58; 1508; 261; 149; 274; 5382; 145; 5083; 359; 308; 372; 10697; 117; 11678; 939; 68; 1058; 24056; 159; 28100; 1684; 1193; 1895; 56306; 99; 61059; 2810; 2561; 1956; 104285; 379; 103670; 3241; 160; 3509; 189348; 283; 193131; 5266; 4439; 5405; 355612; 
1538; 852; 876; 1103; 101; 871; 2067; 875; 1679; 125; 93; 921; 3596; 1489; 106; 843; 7439; 1596; 12711; 105; 14370; 98; 27045; 947; 194; 3326; 50459; 1471; 56150; 133; 104754; 951; 104; 7087; 501; 1583; 183144; 12157; 287833; 134; 307781; 13727; 458691; 279; 188; 25968; 813618; 2272; 857118; 228; 1321313; 5432; 1317468; 48216; 
293; 158; 193; 105; 278; 141; 64; 108; 881; 257; 3028; 191; 2903; 149; 6214; 150; 6551; 872; 19857; 367; 187; 2114; 26462; 241; 28467; 2896; 49186; 247; 58976; 6319; 111125; 144; 110898; 6179; 234; 842; 176852; 11446; 293516; 590; 295756; 145; 455205; 1940; 508612; 29874; 810853; 205; 706; 27936; 1207132; 2622; 1329892; 47372; 1988641; 
393; 220; 205; 289; 293; 205; 601; 195; 193; 275; 1748; 191; 3033; 585; 292; 185; 7301; 183; 58; 271; 566; 3350; 36594; 200; 52420; 2601; 245; 427; 114781; 322; 187635; 270; 2299; 5987; 373117; 411; 562367; 91; 3252; 275; 1068808; 591; 1529417; 1330; 354; 25541; 2886893; 220; 3907356; 39449; 8029; 2731; 7292162; 246; 9468390; 373; 
199; 169; 193; 143; 300; 388; 826; 163; 879; 303; 3016; 256; 2926; 1099; 5844; 150; 10094; 972; 10995; 284; 16877; 2853; 25356; 381; 29536; 2898; 53050; 889; 95; 5803; 102749; 304; 134947; 6535; 210764; 1244; 178138; 10972; 308040; 386; 302870; 13203; 465332; 4408; 545013; 28462; 814418; 241; 846032; 27195; 1236841; 4758; 1326375; 48144; 2009648; 762; 2065897; 
456; 350; 704; 325; 432; 300; 841; 263; 999; 411; 2112; 326; 2789; 875; 7594; 267; 6337; 1008; 12549; 389; 14382; 2093; 28431; 350; 29794; 4111; 47607; 920; 57635; 6082; 101842; 334; 104902; 6397; 170562; 1151; 174691; 11104; 289090; 448; 303374; 16480; 456559; 2521; 499781; 27515; 802883; 348; 818470; 44822; 1206679; 2944; 1293554; 47546; 1990457; 935; 2096254; 56737; 
140; 123; 104; 95; 65; 96; 505; 89; 86; 63; 1829; 93; 2737; 494; 64; 89; 11806; 153; 14450; 57; 548; 1656; 37837; 111; 152; 2463; 135; 325; 116869; 94; 184167; 177; 2051; 6341; 461; 93; 561651; 11183; 3025; 55; 1070208; 642; 1510816; 1319; 108; 25435; 2881528; 116; 3903079; 202; 8308; 1507; 7074251; 159; 1999; 266; 15411; 75947; 16122177; 
398; 371; 308; 363; 441; 193; 770; 171; 1069; 444; 3512; 209; 2703; 1078; 6419; 170; 6879; 871; 10852; 299; 13055; 2143; 27372; 240; 30859; 2721; 48487; 806; 55964; 8955; 100126; 207; 106767; 6745; 164764; 1384; 176929; 12009; 294849; 333; 300444; 15022; 470504; 2033; 508243; 45379; 830675; 231; 838541; 27273; 1231548; 5347; 1332974; 48257; 2019167; 1759; 2093264; 89642; 3041916; 5802; 
105; 120; 161; 109; 277; 160; 728; 108; 818; 268; 1954; 165; 2685; 683; 9597; 132; 6282; 895; 12084; 289; 14274; 4224; 41761; 195; 28326; 2852; 51237; 770; 57104; 6269; 65; 119; 109388; 6739; 167212; 892; 176972; 10926; 292412; 301; 304735; 13120; 460855; 4582; 552763; 30155; 811339; 192; 827928; 27103; 1218113; 4371; 1328986; 47016; 2002879; 718; 2051691; 57074; 3092354; 5793; 3287052; 
163; 107; 107; 98; 199; 101; 65; 105; 101; 188; 1770; 92; 2959; 58; 184; 94; 7094; 91; 14591; 209; 61; 1787; 38685; 124; 68658; 2486; 202; 109; 117182; 227; 186959; 176; 2079; 5888; 159; 97; 551575; 11163; 2960; 195; 1078845; 86; 1540870; 1267; 322; 26724; 2956847; 124; 248; 38273; 8199; 1437; 7047511; 250; 9369211; 392; 15479; 77450; 16191295; 349; 22023958; 159275; 
88; 68; 121; 63; 235; 108; 851; 63; 977; 231; 1941; 115; 2855; 665; 6219; 62; 6078; 800; 11048; 210; 13005; 2081; 30239; 123; 27234; 2898; 47484; 707; 60826; 6268; 107911; 84; 108384; 6029; 164703; 838; 175571; 14554; 290199; 245; 299528; 15757; 465643; 4493; 517835; 25792; 833445; 128; 835121; 29867; 1227504; 2558; 1326161; 47079; 2038753; 730; 2141246; 56733; 3158372; 6840; 3262925; 103194; 4886613; 
764; 500; 515; 512; 152; 530; 874; 698; 780; 153; 2160; 531; 99; 1499; 195; 528; 7580; 522; 13687; 154; 973; 2009; 37595; 549; 747; 99; 894; 727; 118727; 202; 187691; 600; 2302; 7175; 767; 530; 579515; 15836; 106; 281; 1069617; 939; 1520952; 2652; 893; 26736; 2992666; 950; 4020638; 323; 8290; 96; 7227378; 565; 2035; 663; 16629; 102306; 16376400; 203; 22540082; 125908; 1144; 670; 
106; 103; 102; 102; 206; 103; 537; 96; 94; 193; 65; 103; 3077; 507; 174; 103; 11431; 100; 13116; 197; 510; 63; 37066; 140; 52106; 2712; 147; 344; 117940; 229; 188322; 176; 71; 5912; 385822; 132; 561859; 11084; 3164; 194; 1090773; 507; 1633826; 82; 279; 29424; 2964712; 236; 3943621; 37833; 7734; 1447; 6980893; 171; 146; 290; 14606; 76465; 16304127; 215; 21972173; 125481; 741; 307; 38284608; 
236; 224; 217; 213; 286; 219; 580; 211; 319; 303; 1904; 215; 3046; 603; 290; 230; 7424; 217; 13447; 300; 931; 1739; 50248; 223; 54967; 2810; 236; 442; 146960; 339; 188482; 504; 2200; 6508; 386918; 259; 546947; 11131; 3274; 442; 1071684; 612; 1515875; 1344; 494; 27344; 2906236; 248; 3930411; 38402; 8230; 1527; 7196535; 279; 9471878; 560; 14182; 77979; 16395091; 300; 21953822; 132506; 866; 401; 37915062; 2017; 
116; 107; 157; 116; 204; 111; 529; 103; 108; 192; 2192; 96; 2974; 491; 185; 99; 67; 203; 13591; 212; 577; 1660; 35576; 148; 55041; 2698; 206; 357; 115944; 212; 186162; 194; 2078; 67; 378698; 135; 556335; 11923; 5643; 199; 1065318; 530; 1522920; 1328; 281; 25844; 2946707; 128; 3901816; 38504; 130; 1530; 7182809; 195; 9586578; 316; 14178; 75424; 16248489; 218; 21782499; 147333; 711; 312; 38205685; 2131; 48519001; 
184; 122; 120; 113; 219; 116; 520; 100; 97; 190; 1770; 96; 2956; 473; 277; 107; 7375; 100; 14267; 194; 496; 1759; 65; 107; 54291; 2704; 134; 351; 118641; 210; 183640; 210; 1940; 5916; 376422; 144; 550193; 11096; 3182; 191; 1094538; 763; 1523434; 1268; 267; 62; 2911154; 156; 4157296; 65918; 8132; 1445; 7111971; 198; 9814817; 305; 14307; 76843; 16484287; 237; 21930856; 125054; 757; 296; 38169436; 1949; 48383665; 4476; 
119; 105; 307; 123; 110; 113; 86; 104; 102; 89; 1905; 116; 3002; 84; 146; 103; 7276; 101; 13157; 94; 98; 1797; 39187; 136; 271; 2573; 146; 92; 114765; 178; 183560; 264; 2125; 6405; 93; 118; 544049; 11292; 3169; 100; 1114289; 191; 1513951; 1367; 842; 26168; 2893221; 158; 507; 259; 8186; 2307; 7109871; 318; 2134; 101; 15485; 75775; 16213785; 229; 22182056; 124107; 222; 336; 2611; 2431; 48288352; 4468; 40027; 
162; 155; 133; 130; 564; 178; 553; 144; 168; 318; 1703; 129; 2786; 513; 190; 112; 7796; 114; 15454; 197; 503; 1770; 37124; 149; 51794; 2715; 157; 371; 116860; 245; 187857; 197; 1949; 5921; 374336; 177; 557657; 12627; 4558; 214; 1088484; 540; 1523514; 1278; 325; 29821; 2887946; 195; 4001224; 38797; 7823; 1531; 7023411; 275; 9455045; 356; 14485; 75583; 16148905; 237; 22013820; 158832; 773; 316; 38338666; 3165; 48174351; 4536; 43861; 224520; 
88; 70; 71; 65; 162; 62; 489; 64; 79; 165; 1776; 57; 4637; 419; 175; 63; 9925; 111; 17994; 179; 459; 1652; 37880; 142; 63822; 2474; 165; 384; 115849; 193; 187638; 143; 2135; 6187; 387942; 101; 558673; 10958; 5067; 172; 1098783; 479; 1534293; 1318; 533; 35107; 2881993; 81; 3999994; 37900; 8163; 1415; 7161939; 184; 9522749; 582; 15232; 76477; 16146787; 172; 22240137; 123133; 864; 262; 38885095; 3045; 48819360; 4363; 40114; 225549; 79242172; 
357; 335; 330; 368; 414; 323; 477; 510; 321; 607; 607; 783; 1245; 1127; 390; 2111; 1938; 299; 1991; 2224; 483; 3762; 6891; 483; 5634; 5289; 310; 6006; 5690; 589; 9404; 9287; 632; 11595; 11987; 369; 13190; 17558; 1182; 21221; 21002; 1177; 28321; 28947; 426; 33664; 31810; 1831; 47393; 49289; 1963; 63534; 64966; 361; 64376; 67670; 2197; 97172; 88461; 2200; 128315; 108554; 609; 113208; 131196; 3696; 158077; 156644; 3779; 208061; 205452; 550; 
2112; 2092; 1956; 1941; 2019; 1902; 2457; 2147; 4567; 2123; 4036; 2224; 5226; 2459; 2224; 1939; 10283; 2148; 16383; 2183; 2496; 3714; 44636; 2115; 58364; 5537; 2910; 2325; 125648; 2097; 204468; 2129; 4035; 10303; 410479; 1994; 64; 16098; 4402; 2158; 1104703; 2522; 1579702; 6174; 12309; 46021; 3162612; 2177; 4156468; 57568; 8209; 7463; 7340981; 2630; 9993939; 2783; 13954; 133395; 17505460; 2103; 23857589; 205949; 15690; 2417; 39950693; 4223; 51213510; 9236; 27508; 411137; 84118413; 2108; 113065013; 
264; 142; 242; 206; 98; 108; 308; 315; 108; 190; 424; 162; 953; 997; 96; 3268; 1955; 145; 1814; 88; 285; 3978; 5710; 453; 119; 6312; 196; 5839; 5481; 91; 8787; 10350; 430; 11582; 337; 159; 13649; 13319; 1033; 141; 31392; 1014; 31228; 30350; 111; 30406; 33221; 1723; 57578; 89; 1749; 62923; 64584; 142; 1309; 64006; 1961; 85409; 83165; 125; 107328; 120623; 607; 141996; 1527; 3282; 159742; 169963; 4045; 498; 200054; 343; 211674; 216792; 
309; 1085; 209; 304; 286; 218; 961; 269; 227; 384; 3500; 193; 3090; 590; 531; 367; 8733; 231; 72; 263; 927; 3355; 63910; 224; 58217; 3677; 1851; 1273; 122556; 375; 203061; 238; 2182; 7711; 399732; 356; 575629; 86; 2968; 280; 1098137; 1892; 1546089; 5377; 5854; 38839; 2970860; 248; 4153850; 59138; 13048; 3238; 7548902; 917; 9996714; 649; 121; 126892; 17324951; 356; 23659245; 238190; 15279; 275; 39879174; 2041; 51131252; 7816; 27159; 408830; 84365233; 278; 113481871; 577861; 27612; 
371; 189; 178; 224; 255; 180; 107; 374; 173; 471; 106; 225; 1000; 100; 276; 1849; 1720; 191; 2056; 2040; 97; 90; 3621; 357; 5521; 5646; 172; 93; 5479; 431; 8201; 9122; 135; 12218; 207; 217; 15980; 14527; 1051; 21108; 20619; 116; 28653; 114; 265; 33926; 33242; 1772; 679; 45118; 1837; 66196; 64711; 307; 279; 109; 1985; 85067; 115795; 1938; 112489; 105978; 184; 115168; 114917; 176; 157548; 156683; 3554; 190; 201781; 376; 205837; 210212; 5379; 286768; 
351; 240; 251; 154; 583; 226; 1464; 265; 331; 229; 2137; 132; 66; 520; 605; 152; 9249; 166; 14450; 250; 851; 3204; 39112; 198; 61685; 85; 923; 540; 123331; 302; 225574; 174; 1943; 7768; 404283; 204; 586546; 14353; 70; 255; 1095533; 783; 1556530; 4376; 6347; 42097; 2998052; 174; 4289603; 56098; 6389; 70; 7544296; 869; 10065082; 908; 13571; 124396; 17227176; 445; 24031716; 203980; 16278; 164; 158; 2090; 51531715; 12377; 28646; 402295; 84373101; 207; 113411017; 574549; 27456; 15329; 185447206; 
194; 137; 123; 185; 229; 130; 324; 322; 113; 428; 454; 235; 1102; 994; 467; 1775; 1761; 116; 1868; 2081; 306; 3507; 3406; 291; 5051; 8304; 121; 5395; 5942; 388; 8681; 9073; 437; 11833; 11961; 172; 14115; 13695; 954; 20957; 22513; 1562; 28152; 30482; 227; 30633; 32708; 1721; 53164; 46507; 1891; 63809; 63639; 145; 65778; 63416; 1967; 100028; 86689; 4210; 111516; 116431; 372; 113807; 114320; 4722; 156353; 156184; 3634; 203253; 198723; 367; 233217; 211290; 5166; 283118; 288861; 8657; 
196; 225; 138; 182; 106; 102; 807; 159; 158; 65; 3584; 109; 3028; 1084; 179; 190; 7868; 137; 14642; 75; 768; 1916; 61789; 113; 237; 4952; 1189; 723; 151716; 128; 200231; 120; 1939; 7729; 693; 135; 582646; 14240; 2634; 62; 1099070; 715; 1561863; 1936; 809; 40278; 2972595; 225; 4110060; 372; 6145; 3139; 7593476; 847; 2041; 487; 10948; 121090; 17440090; 165; 23964762; 204141; 16131; 105; 2562; 4514; 52116701; 7992; 27805; 652; 84670067; 190; 113545801; 585604; 8537; 15475; 185139514; 3938; 232042472; 
147; 121; 120; 139; 168; 71; 267; 262; 67; 364; 387; 107; 1051; 1031; 144; 1685; 1734; 61; 2056; 2071; 269; 3559; 3608; 240; 5128; 5465; 57; 5298; 5785; 341; 8924; 10815; 360; 12857; 11897; 123; 13950; 14626; 913; 21284; 20946; 993; 30089; 31392; 174; 31004; 31969; 1691; 46814; 49898; 1721; 74818; 62846; 189; 67969; 63128; 1808; 88814; 86094; 2832; 109280; 106567; 266; 115497; 113962; 3494; 159244; 155942; 3538; 213549; 208991; 288; 213595; 212938; 7509; 281423; 285403; 5026; 361094; 364013; 
528; 521; 712; 833; 801; 3387; 1250; 513; 577; 788; 2430; 465; 5360; 830; 1460; 469; 8788; 1209; 17705; 929; 1792; 3857; 40638; 565; 59850; 3362; 1893; 1580; 124870; 1050; 197508; 590; 2766; 10863; 404204; 824; 574784; 15187; 3221; 979; 64; 1059; 1555422; 2321; 6385; 41708; 3007459; 763; 4184107; 59860; 6769; 3336; 7405267; 1247; 9902786; 892; 12010; 123810; 17465320; 683; 23795203; 202276; 14613; 535; 39730962; 2462; 51078335; 9069; 28744; 409163; 83906955; 581; 113370159; 583299; 27366; 14585; 185946174; 2957; 235980287; 628; 48599; 
3341; 4224; 3349; 3374; 3108; 4970; 9651; 4856; 3073; 4547; 4843; 3664; 13945; 6513; 4922; 4171; 11174; 3315; 17313; 3352; 3897; 5110; 42142; 3063; 85305; 6334; 4001; 3367; 128949; 3452; 212717; 3004; 5246; 10725; 420399; 4394; 626654; 23176; 8365; 4295; 1109849; 6226; 1590140; 4808; 8581; 46467; 3016005; 3042; 4199783; 68438; 10430; 8671; 7315726; 5801; 9986804; 3780; 16611; 125490; 17328043; 3298; 24072844; 217049; 17345; 3052; 39954557; 4854; 51847713; 10514; 29508; 414382; 84262421; 4937; 113509184; 580497; 30726; 19875; 185279528; 5959; 233684097; 3386; 54677; 1130357; 
143; 110; 193; 106; 217; 198; 108; 108; 141; 198; 1958; 87; 3409; 62; 246; 364; 10039; 230; 14786; 210; 61; 2080; 52441; 163; 59272; 4678; 844; 65; 137188; 362; 198194; 143; 2370; 9615; 328; 196; 741965; 15301; 4342; 253; 1147541; 145; 1611692; 3308; 6551; 45964; 3295808; 140; 497; 55523; 6217; 3735; 7876371; 904; 10378873; 100; 15636; 191371; 18298244; 309; 24479592; 201598; 127; 120; 40030390; 1979; 51453774; 7669; 25427; 167; 84640096; 164; 114827059; 626297; 32060; 17700; 3324; 4470; 246688430; 221; 47704; 1104039; 382533525; 
2728; 2144; 3443; 3407; 110; 2240; 2325; 5534; 2145; 99; 4070; 2066; 4896; 2619; 111; 2040; 146; 2253; 16659; 111; 2848; 4425; 40638; 3236; 199; 4743; 2991; 2391; 127936; 186; 200653; 2174; 4152; 86; 480; 2123; 578374; 17153; 4509; 209; 1103976; 2721; 1670728; 3786; 151; 42789; 3044819; 2010; 4162319; 221; 207; 5269; 7648723; 2692; 1306; 2700; 14904; 130984; 17410539; 128; 24178290; 205537; 15770; 2077; 1417; 4018; 51465687; 139; 30252; 471; 84341252; 3059; 117532077; 641191; 212; 17025; 188452309; 4772; 247509049; 329; 52044; 1219982; 401329562; 3888; 
413; 221; 204; 215; 638; 317; 594; 220; 259; 289; 2173; 204; 3335; 884; 460; 272; 7964; 567; 14805; 295; 1886; 2009; 39945; 386; 65420; 3500; 910; 1353; 129433; 618; 200258; 221; 2073; 7838; 448603; 278; 591990; 22998; 4436; 278; 1153419; 810; 66; 2062; 7768; 39021; 3155599; 385; 4407402; 56463; 9918; 3367; 7858815; 925; 10436189; 601; 12331; 145447; 18163021; 635; 25445407; 207178; 14288; 225; 42043093; 2046; 54040293; 7652; 28580; 419556; 89128709; 565; 120086876; 599412; 33796; 15580; 197426880; 11124; 244018956; 317; 54292; 1139852; 398565988; 798; 536977062; 
277; 166; 213; 166; 231; 160; 528; 165; 196; 237; 2434; 145; 3433; 621; 281; 147; 8486; 164; 14887; 566; 1484; 2365; 42789; 190; 63916; 3295; 878; 534; 56; 302; 263646; 254; 2024; 7991; 414996; 313; 592925; 19496; 8141; 365; 1178181; 1177; 1643642; 3121; 5831; 40077; 3146513; 190; 4281903; 87530; 6471; 3366; 7937084; 909; 10376390; 1277; 11709; 82; 18120034; 328; 24800724; 212046; 13550; 173; 41908686; 1959; 53431988; 7592; 41969; 425547; 88829313; 211; 123412801; 634219; 43167; 25604; 196861134; 4514; 245256205; 368; 66768; 1189276; 402076112; 986; 540849528; 1635167; 
168; 200; 185; 213; 334; 102; 1212; 146; 160; 219; 105; 108; 3283; 510; 262; 103; 8732; 140; 15729; 188; 742; 56; 42696; 122; 57938; 3064; 954; 1103; 132518; 285; 201084; 147; 102; 9423; 428525; 169; 586275; 14276; 2651; 276; 1181535; 1191; 1629757; 90; 6000; 66276; 3199492; 142; 4384036; 80061; 6220; 6279; 8086954; 857; 233; 506; 10886; 132627; 18250088; 283; 25372049; 231979; 13563; 116; 40034116; 173; 51459508; 7608; 25678; 412992; 85968736; 189; 114456180; 584070; 27225; 14256; 703; 2601; 234457130; 286; 56691; 1104451; 381144559; 1122; 516953650; 1563586; 55109; 
843; 735; 696; 1964; 620; 556; 942; 528; 555; 887; 2350; 540; 3418; 998; 730; 570; 8305; 564; 17805; 962; 1520; 2958; 42467; 1389; 78579; 4685; 1519; 869; 127912; 709; 198464; 565; 2534; 10156; 408903; 561; 579311; 14704; 3240; 591; 1099156; 1187; 1557285; 4533; 7497; 43820; 3012142; 793; 4231100; 56677; 7039; 5511; 7780570; 1192; 10054164; 1139; 13920; 122620; 17497863; 667; 24036150; 220415; 13609; 553; 40289959; 2354; 51445125; 10358; 25669; 409842; 85338288; 920; 115313009; 594275; 29335; 15306; 189692375; 5181; 236722122; 620; 78470; 1088405; 377088909; 1516; 511037539; 1603000; 58206; 3234; 
221; 106; 162; 284; 81; 118; 512; 172; 185; 71; 2691; 96; 3695; 521; 64; 150; 7203; 91; 11300; 69; 497; 1234; 27775; 103; 168; 1443; 93; 270; 76444; 82; 121712; 335; 1663; 4866; 308; 95; 339939; 5131; 3342; 110; 541272; 370; 781163; 527; 76; 11191; 1224303; 165; 1798742; 182; 6408; 920; 2746517; 166; 3078; 1017; 11876; 24100; 5914086; 87; 8335993; 25969; 500; 1672; 1471; 1236; 15853861; 2952; 26782; 253; 23042124; 118; 31506834; 90919; 263; 2544; 46244373; 2693; 58076163; 283; 142; 102935; 83915397; 299; 4491; 106187; 77404; 3616; 158926316; 
256; 387; 259; 234; 311; 218; 145; 230; 246; 292; 2070; 260; 89; 146; 523; 213; 8357; 363; 16125; 299; 185; 2031; 39317; 251; 57155; 134; 998; 161; 121928; 436; 198305; 239; 2234; 9428; 280; 252; 610200; 14372; 148; 426; 1086612; 276; 1553574; 2405; 5859; 41298; 2988524; 243; 778; 57647; 11873; 118; 7345201; 967; 9912367; 181; 11024; 123088; 17242306; 527; 23445253; 201238; 1431; 238; 259; 2299; 51201346; 7677; 28619; 315; 84776657; 274; 114187969; 574656; 28617; 15732; 2092; 131; 232231515; 314; 47311; 1077605; 375534671; 209; 508838422; 1566391; 58593; 2208; 811171620; 5799; 
224; 113; 107; 107; 217; 171; 514; 106; 142; 182; 2107; 107; 4655; 503; 243; 100; 8310; 165; 14980; 202; 782; 2089; 57; 106; 56465; 3020; 878; 672; 125786; 318; 198846; 146; 1958; 8265; 401773; 187; 585105; 16622; 4784; 400; 1111942; 712; 1562948; 1974; 6193; 61; 3014716; 128; 4187289; 59004; 7399; 3025; 7397845; 2035; 10092038; 1186; 11751; 129585; 17205807; 292; 24078797; 214796; 12912; 120; 39720370; 1973; 50942485; 7611; 128; 403851; 83959496; 243; 114440234; 581053; 29014; 14740; 186084199; 2666; 233854279; 223; 48285; 1099785; 375060586; 757; 512004015; 1559334; 55453; 2079; 808726130; 6044; 997188302; 
179; 119; 110; 111; 209; 100; 513; 115; 158; 210; 2112; 104; 3278; 514; 270; 124; 7728; 143; 14621; 416; 745; 1941; 38874; 132; 57127; 3251; 871; 774; 123837; 302; 71; 111; 2141; 7661; 397261; 197; 578902; 14303; 2636; 291; 1074687; 778; 1541379; 2104; 6816; 38781; 3045039; 314; 4098158; 58862; 6413; 3087; 7272833; 862; 9793287; 518; 11692; 125729; 17249071; 400; 23678781; 86; 14220; 112; 39560469; 1962; 50755196; 7519; 25402; 399836; 83737581; 192; 112398818; 570886; 27950; 14151; 186976472; 2633; 234050000; 223; 49774; 1087026; 374693820; 716; 502260503; 1577345; 57693; 1963; 801906878; 6653; 997934369; 45161; 
192; 170; 151; 145; 299; 125; 535; 138; 194; 292; 3131; 326; 5099; 588; 399; 118; 7726; 163; 14323; 273; 767; 2097; 42400; 154; 84256; 3934; 2001; 500; 125628; 632; 199683; 157; 2111; 8341; 403116; 176; 600322; 14307; 4197; 205; 1093050; 730; 1581186; 1951; 6221; 39882; 91; 122; 4207640; 55237; 6706; 3345; 7534028; 1520; 9769597; 547; 11190; 141168; 17479653; 294; 24044261; 202151; 13191; 127; 39821662; 4134; 52261846; 7646; 28687; 403205; 83809614; 195; 113473830; 593895; 27981; 14195; 186005151; 2666; 231767215; 233; 48689; 1095541; 374329974; 716; 508694914; 1557207; 56266; 1990; 812933277; 5826; 1035409457; 38380; 103454; 
164; 133; 134; 261; 206; 131; 555; 126; 153; 214; 2249; 127; 3286; 528; 179; 235; 7688; 160; 91; 197; 1743; 2126; 39222; 152; 266; 5162; 832; 569; 122496; 225; 197857; 166; 1980; 7660; 575; 169; 590021; 124; 2852; 190; 1091572; 769; 1549133; 3973; 228; 48282; 3035118; 207; 4097787; 666; 6537; 6793; 7484793; 2058; 3900; 504; 109; 120947; 17382127; 288; 23721291; 203377; 14325; 247; 3253; 2606; 52096661; 10420; 25514; 558; 84537519; 234; 113498075; 577503; 413; 96; 187260565; 4293; 233385181; 238; 51461; 1097955; 376393055; 783; 8354; 1571855; 59661; 2145; 814640581; 522; 1010254341; 38535; 104760; 2993712; 
137; 70; 72; 71; 219; 93; 783; 66; 156; 155; 2297; 67; 3238; 453; 247; 59; 19836; 235; 14386; 263; 1912; 3632; 62628; 109; 59957; 4345; 841; 503; 138389; 395; 229807; 95; 2085; 7536; 402572; 167; 577988; 16775; 2587; 181; 1093441; 1038; 1562840; 3171; 5649; 52182; 2982695; 123; 4375148; 58159; 6454; 3445; 8043931; 783; 11527883; 1104; 11799; 124585; 17785116; 399; 25670732; 199680; 13429; 69; 42277854; 4114; 54203101; 9798; 25316; 405687; 85423168; 127; 113687845; 579110; 30931; 23057; 185029596; 2713; 